2.314010847758860845e-01,5.486476233392564850e-02,0.000000000000000000e+00,2.269087886655679343e-01,3.276322420643325573e-01,1.591931221602876645e-01
2.032250560617572255e-01,0.000000000000000000e+00,1.749607322567215684e-01,2.454528356729603067e-01,2.764420589528804872e-01,9.991931705568046773e-02
2.129730910799932375e-01,0.000000000000000000e+00,1.025020652264465731e-01,2.280402489542815991e-01,2.536407785892880185e-01,2.028438161499905579e-01
2.663513355818482586e-01,2.085517121704565796e-02,0.000000000000000000e+00,1.986826271127124510e-01,2.702936883912498978e-01,2.438171776971436722e-01
2.106865571727407349e-01,0.000000000000000000e+00,1.446776235829908275e-01,2.113387033911486024e-01,2.563699347387700667e-01,1.769271811143496853e-01
2.854444770100048046e-01,1.054043293132954917e-01,1.303682284608439768e-01,2.495103473958748264e-01,2.292726178199809561e-01,0.000000000000000000e+00
2.315149240339987868e-01,0.000000000000000000e+00,1.470440484016836795e-02,1.976047989680464190e-01,3.153918605646817697e-01,2.407840115931047520e-01
1.632777441039886535e-01,8.555256381239582930e-02,0.000000000000000000e+00,2.489508517139303045e-01,1.987320970326177938e-01,3.034867433370674883e-01
2.304489768372315894e-01,0.000000000000000000e+00,9.023253268175759900e-02,2.076322500792777970e-01,2.773961209733491473e-01,1.942901194283838950e-01
1.900221898935312015e-01,1.555857105781600046e-02,0.000000000000000000e+00,2.159726797830963663e-01,3.723246276285325784e-01,2.061219316370238031e-01
1.757488698885241174e-01,0.000000000000000000e+00,1.376302770616823490e-01,2.282507924463191007e-01,2.461688455655009766e-01,2.122012150379734285e-01
1.549770601381660617e-01,0.000000000000000000e+00,1.359209311300197676e-01,2.099176855752091786e-01,3.439249402879422379e-01,1.552593828686627819e-01
1.432779341845772381e-01,0.000000000000000000e+00,1.334270115447997729e-01,2.995966852567595873e-01,3.195264023399357889e-01,1.041719666739275851e-01
1.925429212028942072e-01,0.000000000000000000e+00,1.067755986755322961e-01,2.262145053455934529e-01,3.007396246394811734e-01,1.737273501364988981e-01
2.048878135733094019e-01,0.000000000000000000e+00,6.727966413081570840e-02,2.164872035120625759e-01,2.445747816728738588e-01,2.667705371109384549e-01
2.072875184932648496e-01,0.000000000000000000e+00,1.203093424479170365e-01,1.684603488921636583e-01,2.679579452700411313e-01,2.359848448966133105e-01
1.835620037190948683e-01,0.000000000000000000e+00,1.150728183995056025e-01,2.126374055878870462e-01,2.867815684235227591e-01,2.019462038699896544e-01
1.796564477281203664e-01,0.000000000000000000e+00,2.674317994649207386e-01,1.985598292411776822e-01,3.046591254051233544e-01,4.969279816065783062e-02
2.728948109840848568e-01,0.000000000000000000e+00,2.780352871122169361e-02,2.606574396061694388e-01,2.847822184035522231e-01,1.538620022949717392e-01
2.110926470547760114e-01,8.535192940684784013e-02,0.000000000000000000e+00,2.671563111398387313e-01,2.630894433563377710e-01,1.733096690421996044e-01
2.036644117262540743e-01,6.347863645249596232e-02,0.000000000000000000e+00,2.270105923050754482e-01,2.987951168777058242e-01,2.070512426384687188e-01
1.892511698814541565e-01,0.000000000000000000e+00,1.265395887876130387e-01,1.749542955989620840e-01,2.986254632037930179e-01,2.106294825281777028e-01
2.150436477022898973e-01,1.129067598198849921e-02,0.000000000000000000e+00,1.842616792908712831e-01,2.916716196558906127e-01,2.977323773689596886e-01
1.845057792231115656e-01,0.000000000000000000e+00,9.670222616659290837e-02,2.209662243917445423e-01,2.128591288745205479e-01,2.849666413440304358e-01
1.795219597143743462e-01,0.000000000000000000e+00,8.332176684521519494e-02,1.672539414693472448e-01,2.583737081497313182e-01,3.115286238213319514e-01
1.714346997573870934e-01,1.757323228651842262e-01,1.728660711873795941e-01,1.611967161431830109e-01,3.187701900468660754e-01,0.000000000000000000e+00
2.044154788877462214e-01,6.312583707437834091e-02,1.939262578120616864e-01,2.005781539818196346e-01,3.379542722439940472e-01,0.000000000000000000e+00
2.151004620404789736e-01,0.000000000000000000e+00,7.505401140310201391e-02,2.257081818126967232e-01,2.658717711971421149e-01,2.182655735465802160e-01
2.024642416542120349e-01,1.265932774549440865e-01,0.000000000000000000e+00,1.806548818467118012e-01,3.210846592463181826e-01,1.692029397978137839e-01
2.104859784903005127e-01,0.000000000000000000e+00,1.801437330384962898e-01,2.326490099507487475e-01,3.396572519851240313e-01,3.706402653533021063e-02
2.940047947917429072e-01,0.000000000000000000e+00,7.649748487660196217e-02,2.127300015338823291e-01,2.911031548468685504e-01,1.256645639509042511e-01
1.843977924271256452e-01,1.229831253250336237e-01,0.000000000000000000e+00,2.235403716176585232e-01,2.625251306634105442e-01,2.065535799667715666e-01
1.672519139716890646e-01,0.000000000000000000e+00,1.137124356430823380e-01,2.296918170863813113e-01,4.444613493348262834e-01,4.488248396402102353e-02
2.855254582244606820e-01,0.000000000000000000e+00,4.763652691938216610e-02,2.617942900557263530e-01,3.061981188684083643e-01,9.884560593202237899e-02
1.883450825267000972e-01,1.680494591846454222e-01,8.630824238602351900e-03,3.052451641466598087e-01,3.297294699033923027e-01,0.000000000000000000e+00
2.557401891444509578e-01,0.000000000000000000e+00,1.071014565064676016e-01,1.774460965836641424e-01,3.664345494155979988e-01,9.327770834981920223e-02
1.867934596508897815e-01,8.975015996928298323e-02,0.000000000000000000e+00,2.846272675360547177e-01,2.892726873186360903e-01,1.495564255251363439e-01
2.058839709351695246e-01,0.000000000000000000e+00,4.659968396881646047e-02,2.148373828536114249e-01,2.871870664435443032e-01,2.454918957988583561e-01
1.682782356241077082e-01,0.000000000000000000e+00,8.129086303723769003e-02,3.271218828215886054e-01,3.887997960363816508e-01,3.450922248068444970e-02
2.280167711211156800e-01,0.000000000000000000e+00,1.376667848709036690e-01,3.226434981462902862e-01,2.337264651740767474e-01,7.794648068761350634e-02
2.863255378534664830e-01,6.237865064792408841e-03,2.130740229164815314e-01,1.788331709065822395e-01,3.155294032586772879e-01,0.000000000000000000e+00
1.997085093080354090e-01,0.000000000000000000e+00,9.088635577539654065e-02,2.568360030072635580e-01,2.727928056352258435e-01,1.797763262740786905e-01
2.004665684254988700e-01,0.000000000000000000e+00,8.316494505280240535e-02,2.028004796173936142e-01,3.150898184827575776e-01,1.984781884215474634e-01
2.129431115478410408e-01,4.574572925089720465e-02,0.000000000000000000e+00,3.384869011258911931e-01,3.100401195432140877e-01,9.278413853215650153e-02
2.053094290404818556e-01,0.000000000000000000e+00,1.923829582463090493e-01,2.098441572786488574e-01,2.503760118628855502e-01,1.420874435716746598e-01
1.874064722697660057e-01,0.000000000000000000e+00,1.406058037054090104e-01,2.321032678875527833e-01,3.146342228620256365e-01,1.252502332752465919e-01
1.672838836822519160e-01,0.000000000000000000e+00,2.972553992846910242e-02,3.326108354852574944e-01,3.836169207474128262e-01,8.676282015660860547e-02
2.097247425066986470e-01,5.095043897294031232e-02,0.000000000000000000e+00,2.099499397927179489e-01,2.503025689433615031e-01,2.790723097842813805e-01
2.570380203340685288e-01,0.000000000000000000e+00,7.947401500768135063e-02,1.959820328991355720e-01,4.564897468410000214e-01,1.101618491811439879e-02
2.219759254452767783e-01,0.000000000000000000e+00,3.985125185266569919e-02,2.117262929642681757e-01,2.791066398414467353e-01,2.473398898963426462e-01
1.590958630026620690e-01,9.860824580363257430e-02,2.299622130214900861e-01,2.043263635257130395e-01,3.080073146465022171e-01,0.000000000000000000e+00
2.613403580637159163e-01,6.016166959929578756e-02,0.000000000000000000e+00,2.500737876012933403e-01,2.672952786831294669e-01,1.611289060525656902e-01
2.116289613564775740e-01,0.000000000000000000e+00,9.243096915847924533e-02,2.075169669059961086e-01,2.387647024075143787e-01,2.496584001715327628e-01
2.255608509812720708e-01,8.045525428554993475e-02,0.000000000000000000e+00,2.357459426348402498e-01,2.112875898147733855e-01,2.469503622835642898e-01
2.589876205897206907e-01,6.808562015752837870e-02,1.297171836926989952e-01,2.198348105264621433e-01,3.233747650335897506e-01,0.000000000000000000e+00
2.562833578051011973e-01,2.629469342504452481e-02,0.000000000000000000e+00,2.335532603351041236e-01,2.490450770849102491e-01,2.348236113498399225e-01
2.099147589790117674e-01,7.698160672004179805e-02,0.000000000000000000e+00,2.612360705324552890e-01,1.951362348985495876e-01,2.567313288699416551e-01
1.741210981634259969e-01,0.000000000000000000e+00,8.509646262339889966e-02,2.231884892837342205e-01,3.841029061955171242e-01,1.334910437339237033e-01
3.017312267271106130e-01,0.000000000000000000e+00,3.779250168544041194e-02,2.329057891596219010e-01,2.617177340265863794e-01,1.658527484012407571e-01
2.273319087926440052e-01,0.000000000000000000e+00,7.018588057510227740e-02,2.134936380770079689e-01,2.216676400467583741e-01,2.673209325084874299e-01
1.848994458683904663e-01,0.000000000000000000e+00,2.187673385910516577e-01,2.341171392463884671e-01,3.114156331664814648e-01,5.080044312768774301e-02
1.668777411331332783e-01,4.673421866664104196e-02,0.000000000000000000e+00,2.346800550476474123e-01,2.738269753552032837e-01,2.778810097973750115e-01
1.835853215263083538e-01,0.000000000000000000e+00,1.221100224527975897e-01,2.497487064528308431e-01,3.061389540164556888e-01,1.384169955516077188e-01
1.893479914621812032e-01,4.500626600365507241e-02,1.873080622757539726e-01,2.491160345333501835e-01,3.292216457250595196e-01,0.000000000000000000e+00
2.311452105139082114e-01,0.000000000000000000e+00,1.325753308572434341e-01,2.279070430715014750e-01,3.027599396091534278e-01,1.056124759481933961e-01
1.953962489081705056e-01,0.000000000000000000e+00,6.720955679653257964e-02,1.996143138158657238e-01,2.951007855356487242e-01,2.426790949437824529e-01
2.130742491014688822e-01,5.161795063741494993e-03,1.505199579499507667e-01,2.970813249563130087e-01,3.341626729285258612e-01,0.000000000000000000e+00
2.013597963329538387e-01,0.000000000000000000e+00,1.548190851745236407e-01,2.203525595984593133e-01,2.485929034979918462e-01,1.748756553960713334e-01
2.353608403682057038e-01,4.676975382429686412e-02,0.000000000000000000e+00,2.194229428024813966e-01,1.965315732555592831e-01,3.019148897494566275e-01
1.652853541899790835e-01,0.000000000000000000e+00,2.041219316482878188e-01,2.642140650492259546e-01,3.195710206631165451e-01,4.680762844939051481e-02
1.956109696604133863e-01,0.000000000000000000e+00,5.531073261426845689e-02,2.010203196021668193e-01,2.993112529392562560e-01,2.487467251838951510e-01
2.312326854674271182e-01,0.000000000000000000e+00,6.392154337895118721e-02,2.217732086206923303e-01,3.539258142219095515e-01,1.291467483110197989e-01
2.018889206736601272e-01,0.000000000000000000e+00,8.978646668815155885e-02,2.083561157722070012e-01,2.567878390660587873e-01,2.431806577999225394e-01
1.917452673731231683e-01,0.000000000000000000e+00,5.657716432856373795e-02,2.090665138513030097e-01,2.674803442723817093e-01,2.751307101746282013e-01
2.391089135898927243e-01,6.033615659601887504e-02,0.000000000000000000e+00,2.472603921096636626e-01,2.194781316277204519e-01,2.338164060767044528e-01
1.733692754672185032e-01,0.000000000000000000e+00,9.250231550488761945e-02,2.338085402901169951e-01,2.354401153108241773e-01,2.648797534269526910e-01
1.979683602113226082e-01,1.227279293610302191e-01,1.704650838345423414e-01,2.126890613427660226e-01,2.961495652503388087e-01,0.000000000000000000e+00
2.511468780030380321e-01,9.062410276502624873e-02,0.000000000000000000e+00,2.097501900312378487e-01,2.139861223787830335e-01,2.344927068219148092e-01
1.731938878985472552e-01,1.040488051664735514e-01,0.000000000000000000e+00,2.162551914819276777e-01,2.687145685786824778e-01,2.377875468743690379e-01
2.147302710550745009e-01,0.000000000000000000e+00,1.184435947122875754e-01,2.492091571037258479e-01,2.660687689358065544e-01,1.515482081931055214e-01
1.204909306640946087e-01,4.238036652529454662e-02,2.552164118790088421e-01,2.669212719425090308e-01,3.149910189890930412e-01,0.000000000000000000e+00
1.978686390658349059e-01,1.413990498724399525e-01,1.364242758033520631e-01,2.380919320618064272e-01,2.862161031965666513e-01,0.000000000000000000e+00
2.270666762475295197e-01,4.685220587750289073e-02,1.523906613450501657e-01,2.475649309630128525e-01,3.261255255669046060e-01,0.000000000000000000e+00
2.275135186287874089e-01,0.000000000000000000e+00,7.638136208183783638e-02,1.927283805740157008e-01,2.131660996401550101e-01,2.902106390752040022e-01
1.708034642609864706e-01,0.000000000000000000e+00,1.053372842322167630e-01,2.435330748975031989e-01,3.752273616992673477e-01,1.050988149100263030e-01
2.328181606587148011e-01,0.000000000000000000e+00,1.078668529905055656e-01,2.471658784893956129e-01,3.417517838577900924e-01,7.039732400359391407e-02
2.142277113583956616e-01,0.000000000000000000e+00,1.018677878199542169e-01,2.201066425185768394e-01,2.804113872724346423e-01,1.833864710306385704e-01
1.755888018889522895e-01,0.000000000000000000e+00,1.143894701749784970e-01,2.345677841926063212e-01,2.570368775058289312e-01,2.184170662376340721e-01
2.154410609721972014e-01,0.000000000000000000e+00,1.491927136700356427e-02,2.194720313073763029e-01,3.569411228670965608e-01,1.932265134863264677e-01
1.839935135562718871e-01,3.152253445923230979e-02,0.000000000000000000e+00,2.161290960507841197e-01,2.985346174382502160e-01,2.698202384954614397e-01
1.915268116519699693e-01,1.045593753059329695e-01,0.000000000000000000e+00,2.293981433625631450e-01,3.413089542094643880e-01,1.332067154700695144e-01
2.807959224257255415e-01,0.000000000000000000e+00,7.893830902786412584e-02,2.258242624644163643e-01,2.308208182620006266e-01,1.836206878199933001e-01
2.544936935710261361e-01,0.000000000000000000e+00,4.676243129087150757e-02,1.788129355825759104e-01,2.860428018937585803e-01,2.338881376617679975e-01
2.295829512084331114e-01,7.829573345568807685e-02,0.000000000000000000e+00,2.070792204177788476e-01,2.234240635941957820e-01,2.616180313239040989e-01
1.363385936746880911e-01,0.000000000000000000e+00,8.025854329320587788e-02,2.535884602257840736e-01,3.399268568854680872e-01,1.898875459208539951e-01
2.131758446103350080e-01,0.000000000000000000e+00,1.657520332595843471e-01,1.762592183557342429e-01,3.756651921022234331e-01,6.914771167212298286e-02
2.097948495789160317e-01,0.000000000000000000e+00,2.759722056376758687e-02,2.463412951909076387e-01,2.188460735691975523e-01,2.974205610972111558e-01
2.274007403284071804e-01,0.000000000000000000e+00,7.109597345256993273e-02,2.618321228528906475e-01,2.440176608463396901e-01,1.956535025197924937e-01
2.271107334249918563e-01,1.749961537230176195e-02,0.000000000000000000e+00,1.885512508626332184e-01,2.799673889070704025e-01,2.868710114330028094e-01
3.044992705116506548e-01,1.445676105738208199e-02,1.340976452855758283e-01,1.597913878059125659e-01,3.871549353394788118e-01,0.000000000000000000e+00
1.966087102097433814e-01,0.000000000000000000e+00,2.651041542104129456e-02,2.952431062109869275e-01,4.618353143759116874e-01,1.980245378231655640e-02
2.618570056665270318e-01,0.000000000000000000e+00,1.091433558055222297e-01,2.433145822210253106e-01,3.024636104154292959e-01,8.322144589149609029e-02
1.624648694836414997e-01,0.000000000000000000e+00,9.596384420599711473e-02,2.797488889955549451e-01,3.617945557311845750e-01,1.000278415836218793e-01
1.795468402786807860e-01,1.265298691841564571e-01,0.000000000000000000e+00,1.874501168875827017e-01,2.947266217610291505e-01,2.117465518885507936e-01
1.956576780489648337e-01,0.000000000000000000e+00,1.036855156853669878e-02,2.214803779996991073e-01,2.638430288807182555e-01,3.086503635020810266e-01
2.128093654581874883e-01,5.689320540924318326e-02,7.982199067474031462e-02,2.221412406451676591e-01,4.283341978126614102e-01,0.000000000000000000e+00
1.824404189297250678e-01,8.239687922241649420e-02,0.000000000000000000e+00,2.198500972614966520e-01,3.313515962155413885e-01,1.839610083708204391e-01
1.465247398662464784e-01,0.000000000000000000e+00,1.024147731769448066e-01,2.635376804036798082e-01,3.004057237825242810e-01,1.871170827706047646e-01
1.044460931553014005e-01,0.000000000000000000e+00,1.213761942836167201e-01,1.989460044894993951e-01,2.963992919761055389e-01,2.788324160954769870e-01
2.072190821940469996e-01,0.000000000000000000e+00,1.459250545284319633e-01,2.480273801120479460e-01,3.832911325323178908e-01,1.553735063315522108e-02
1.882580360159668564e-01,0.000000000000000000e+00,8.628221820016850063e-02,2.433063196357941327e-01,2.921227749694828568e-01,1.900306511785876395e-01
